1 0.13701923076923078 0.37259615384615385 0.1201923076923077 0.20793269230769232
1 0.2247596153846154 0.3605769230769231 0.11658653846153846 0.21995192307692307
1 0.36778846153846156 0.3389423076923077 0.10336538461538461 0.18990384615384615
1 0.4879807692307692 0.375 0.10336538461538461 0.21394230769230768
1 0.5865384615384616 0.3545673076923077 0.11298076923076923 0.21995192307692307
1 0.7019230769230769 0.3605769230769231 0.11057692307692307 0.23197115384615385
1 0.8088942307692307 0.3389423076923077 0.13701923076923078 0.22596153846153846
1 0.9014423076923077 0.3389423076923077 0.14302884615384615 0.15504807692307693
1 0.22956730769230768 0.6069711538461539 0.0733173076923077 0.15504807692307693
1 0.33052884615384615 0.5829326923076923 0.11298076923076923 0.11899038461538461
1 0.43149038461538464 0.6069711538461539 0.0829326923076923 0.16706730769230768
1 0.6081730769230769 0.6165865384615384 0.11057692307692307 0.14903846153846154
1 0.7283653846153846 0.6129807692307693 0.0829326923076923 0.1310096153846154
1 0.7944711538461539 0.6009615384615384 0.11658653846153846 0.15504807692307693
1 0.15384615384615385 0.7620192307692307 0.09975961538461539 0.22596153846153846
0 0.23798076923076922 0.7740384615384616 0.11658653846153846 0.25
0 0.3545673076923077 0.7824519230769231 0.10336538461538461 0.2439903846153846
0 0.43149038461538464 0.7980769230769231 0.10336538461538461 0.25
0 0.5180288461538461 0.7860576923076923 0.09615384615384616 0.27403846153846156
0 0.6370192307692307 0.8064903846153846 0.10697115384615384 0.26802884615384615
0 0.7463942307692307 0.8100961538461539 0.12620192307692307 0.2620192307692308
0 0.8617788461538461 0.8064903846153846 0.1502403846153846 0.25600961538461536
1 0.24158653846153846 0.7680288461538461 0.12379807692307693 0.23798076923076922