1 0.8004807692307693 0.3581730769230769 0.1310096153846154 0.3557692307692308
1 0.36177884615384615 0.609375 0.20673076923076922 0.36658653846153844
1 0.7127403846153846 0.4807692307692308 0.15985576923076922 0.4266826923076923
1 0.6129807692307693 0.4567307692307692 0.16346153846153846 0.43149038461538464
1 0.5180288461538461 0.4483173076923077 0.17067307692307693 0.4266826923076923
1 0.28125 0.6862980769230769 0.25841346153846156 0.24639423076923078
1 0.2091346153846154 0.8990384615384616 0.15625 0.18028846153846154
1 0.35096153846153844 0.8858173076923077 0.14182692307692307 0.1971153846153846
1 0.49278846153846156 0.8990384615384616 0.14903846153846154 0.19110576923076922
1 0.5709134615384616 0.8365384615384616 0.13822115384615385 0.30649038461538464
1 0.6983173076923077 0.8473557692307693 0.12379807692307693 0.28365384615384615
1 0.7848557692307693 0.8473557692307693 0.12379807692307693 0.2956730769230769
1 0.8377403846153846 0.7319711538461539 0.12740384615384615 0.4266826923076923
1 0.9290865384615384 0.5985576923076923 0.1201923076923077 0.4206730769230769