1 0.43149038461538464 0.484375 0.5420673076923077 0.6838942307692307
1 0.16466346153846154 0.09735576923076923 0.0889423076923077 0.0625
1 0.2980769230769231 0.08653846153846154 0.10697115384615384 0.06610576923076923
1 0.6983173076923077 0.15745192307692307 0.0889423076923077 0.057692307692307696
1 0.7824519230769231 0.15504807692307693 0.08052884615384616 0.0625
1 0.8605769230769231 0.15745192307692307 0.10216346153846154 0.06610576923076923
1 0.6105769230769231 0.2403846153846154 0.1201923076923077 0.08052884615384616
1 0.6069711538461539 0.08653846153846154 0.07572115384615384 0.06610576923076923
1 0.5072115384615384 0.17067307692307693 0.11538461538461539 0.06610576923076923
1 0.1045673076923077 0.17548076923076922 0.08413461538461539 0.07572115384615384
1 0.11778846153846154 0.25721153846153844 0.06610576923076923 0.052884615384615384
1 0.8173076923076923 0.6983173076923077 0.125 0.07091346153846154
1 0.7127403846153846 0.3161057692307692 0.10216346153846154 0.0625
1 0.040865384615384616 0.27403846153846156 0.08173076923076923 0.08653846153846154
1 0.8016826923076923 0.078125 0.08413461538461539 0.057692307692307696
1 0.8846153846153846 0.0733173076923077 0.0889423076923077 0.06610576923076923
1 0.8798076923076923 0.30649038461538464 0.09735576923076923 0.0625
1 0.8064903846153846 0.3173076923076923 0.08413461538461539 0.06610576923076923
1 0.7908653846153846 0.23317307692307693 0.125 0.07572115384615384
1 0.3112980769230769 0.02283653846153846 0.0985576923076923 0.04567307692307692