1 0.3076923076923077 0.1971153846153846 0.21033653846153846 0.21634615384615385
1 0.515625 0.21153846153846154 0.22115384615384615 0.19951923076923078
1 0.7259615384615384 0.21394230769230768 0.19951923076923078 0.20552884615384615
1 0.30408653846153844 0.40865384615384615 0.21754807692307693 0.19471153846153846
1 0.515625 0.4170673076923077 0.20673076923076922 0.19951923076923078
1 0.9002403846153846 0.4110576923076923 0.1778846153846154 0.1778846153846154
1 0.9038461538461539 0.20793269230769232 0.16346153846153846 0.19471153846153846
1 0.2920673076923077 0.6105769230769231 0.22716346153846154 0.16706730769230768
1 0.5036057692307693 0.6141826923076923 0.21754807692307693 0.19471153846153846
1 0.7223557692307693 0.6081730769230769 0.22115384615384615 0.18389423076923078
1 0.9146634615384616 0.6081730769230769 0.16346153846153846 0.19471153846153846
1 0.09615384615384616 0.8052884615384616 0.19230769230769232 0.1778846153846154
1 0.296875 0.7920673076923077 0.21754807692307693 0.20552884615384615
1 0.5084134615384616 0.8028846153846154 0.21394230769230768 0.19471153846153846
1 0.7247596153846154 0.7920673076923077 0.2247596153846154 0.19471153846153846
1 0.9110576923076923 0.796875 0.17067307692307693 0.18389423076923078
1 0.71875 0.4170673076923077 0.19951923076923078 0.19951923076923078