1 0.5504807692307693 0.4338942307692308 0.25841346153846156 0.3004807692307692
1 0.3473557692307692 0.4338942307692308 0.1778846153846154 0.22355769230769232
1 0.09254807692307693 0.234375 0.1778846153846154 0.30649038461538464
1 0.22956730769230768 0.20192307692307693 0.1814903846153846 0.328125
1 0.31490384615384615 0.6995192307692307 0.1778846153846154 0.2620192307692308
1 0.5600961538461539 0.8028846153846154 0.2620192307692308 0.3173076923076923
1 0.8473557692307693 0.49399038461538464 0.2548076923076923 0.28966346153846156
1 0.5528846153846154 0.43990384615384615 0.2548076923076923 0.3004807692307692
1 0.19110576923076922 0.6442307692307693 0.14182692307692307 0.3713942307692308
1 0.15144230769230768 0.5492788461538461 0.20673076923076922 0.26802884615384615
1 0.8377403846153846 0.8329326923076923 0.28725961538461536 0.3112980769230769
1 0.5913461538461539 0.14783653846153846 0.19230769230769232 0.2512019230769231
1 0.8473557692307693 0.17427884615384615 0.28365384615384615 0.28365384615384615