1 0.19471153846153846 0.6598557692307693 0.14182692307692307 0.1778846153846154
1 0.6153846153846154 0.5769230769230769 0.07091346153846154 0.19591346153846154
1 0.6177884615384616 0.7908653846153846 0.12980769230769232 0.15985576923076922
1 0.17908653846153846 0.3894230769230769 0.11298076923076923 0.140625
1 0.16947115384615385 0.18389423076923078 0.11298076923076923 0.14783653846153846
1 0.2536057692307692 0.20552884615384615 0.08774038461538461 0.1658653846153846
1 0.25600961538461536 0.3557692307692308 0.11057692307692307 0.14783653846153846
1 0.8425480769230769 0.4879807692307692 0.07451923076923077 0.23918269230769232
1 0.7391826923076923 0.7512019230769231 0.07451923076923077 0.26322115384615385
1 0.06971153846153846 0.7391826923076923 0.13942307692307693 0.20192307692307693
1 0.054086538461538464 0.5276442307692307 0.10817307692307693 0.22355769230769232
1 0.42427884615384615 0.6658653846153846 0.078125 0.1778846153846154
1 0.4963942307692308 0.33774038461538464 0.04807692307692308 0.12259615384615384
1 0.7848557692307693 0.28846153846153844 0.055288461538461536 0.15985576923076922
1 0.7536057692307693 0.46634615384615385 0.08413461538461539 0.18389423076923078